image: /home/arwa/catkin_ws/src/gp2020_simulation/gp2020_simulation/maps/map1.pgm
resolution: 0.050000
origin: [-51.224998, -51.224988, 0.000000]
negate: 0
occupied_thresh: 0.65
free_thresh: 0.196

